0.090674,0,-0.99591,0,0,1,0,0,0.99591,0,0.09067,0,23.782,0,-45.809,1|
0.090674,0,-0.99591,0,0,1,0,0,0.99591,0,0.090674,0,23.704,0,-44.955,1|
-0.2466,0,-0.96913,0,0,1,0,0,0.96913,0,-0.2466,0,23.798,0,-43.558,1|
0.66748,0,-0.74466,0,0,1,0,0,0.74466,0,0.66748,0,23.633,0,-42.26,1|
-0.16840,0,-0.98575,0,0,1,0,0,0.98575,0,-0.16843,0,23.0133,0,-40.998,1|
0.18964,0,-0.98188,0,0,1,0,0,0.98188,0,0.18964,0,23.242,0,-39.407,1|
0.99284,0,-0.11971,0,0,1,0,0,0.11971,0,0.99284,0,24.8382,0,-39.235,1|
