0.0161577,0,-0.999888,0,0,1,0,0,0.999888,0,0.0161577,0,-2.03778,0,-4.29279,1|
-0.953282,0,-0.302164,0,0,1,0,0,0.302164,0,-0.953282,0,3.29509,0,0.722761,1|
-0.98145,0,0.191854,0,0,1,0,0,-0.191854,0,-0.98145,0,10.6128,0,0.858106,1|
-0.0177504,0,0.999871,0,0,1,0,0,-0.999871,0,-0.0177504,0,10.8774,0,-9.43556,1|
0.97776,0,-0.209888,0,0,1,0,0,0.209888,0,0.97776,0,1.16632,0,-10.6401,1|
-0.689424,0,-0.724413,0,0,1,0,0,0.724413,0,-0.689424,0,4.97339,0,-5.79632,1|
